7515769811
6841386941
8112604779
7780278240
2131746207
8162225001
8449016109
8821069804
8081860094
7999641113
6348085482
5981503078
7389958305
6846296694
7697839436
5373454161
8067002098
6671369572
8741942578
8735394327
7711546886
5797458265
6702121306
8569857105
7201271497
7965462494
8599309625
5403055128
7438481306
969360027
7381840642
8141028294
7306876973
6138434345
6170113072
7819393483
7176223037
8298225975
8522417289
8728991929
7124068177
8386505227
7173003306
7667219316
8729341440
8760507230
8786039199
8798904721
5831952869
6649438207
6684788458
8436865478
6922476111
7701835458
6741791627
8477268186
8392097791
1012799921
7501804227
6413129151
8087772776
8314582487
6203180624
8411672244
7650616151
6401539018
5784134914
5994974376
8252916920
7021358651
8132500971
7705863400
8275834813
7105511372
7492724686
8527336237
8736296622
7216514874
8813449605
8829399261
6422409308
8117076042
6329758771
7129695803
7989977857
8518274120
8945361130
8762101229
8765721202
2044702863
6518711577
8187601070
8604428542
7079130314
6967204150
8239350426
7923505251
8170895558
7772150730
8222924207
8381282652
7279406150
6757002206
6103643587
6204268551
6338745343
8725667183
8846562843
7321031914
5534173535
7123689943
1971553196
8106028903
8567443606
1337033421
6409132338
6864872415
8643280719
7273796567
8525237174
6532097034
7898246533
7950165536
7890276242
7360925282
6570968020
6589249006
7122854189
7507812672
8519594105
7503943844
5753273407
8694147568
8456977841
5844595148
8057168564
5747058496
8003837257
6871792595
6793146623
6155699230
6582558971
6186638912
6467133068
6202043575
1887009048
7674465568
8429119062
7753735798
7829594447
8777129138
8852297278
8553323558
7273884734
8370702818
1252292238
5756051399
6619850804
5819109907
6131960865
8482286453
8505256705
8839197129
6291872403
8670351190
7994736557
7870564310
7944932997
6889054912
7076913765
7395855997
7725742173
6287572866
6602848302
8737003976
8837452944
8390907030
6373665498
8207009354
6312364899
5624294718
8673325012
7932839757
7600516359
7759231813
6669417118
5630367911
8549108925
6045763879
8302868388
6233266702
8392484419
8363129499
8873058465
8956481443
2129403580
1717707054
6342352582
6855659088
7510061954
6692778702
7614397503
6809891774
6513926862
6937014695
6801932654
1228035455
6480110466
8228311389
7546204775
8611244767
7555218313
8323908810
8258008162
1094123074
6739795427
5682220684
6802798488
7363361017
8696548543
8116905003
6527772495
7892105983
8778781047
7428514844
8753622290
6719953748
8009053456
8547226708
6699196447
7968668273
5286365640
8866385403
6695446010
8842524119
8862644401
8916376317
7853887140
8673309916
6129627454
8419162715
8086027493
5441393201
7866985885
5854808089
8462928311
7734196510
7833962743
7985500446
7171889775
7002799089
8793141828
6777018523
8653220186
6685541133
8372250677
2049924646
6707529549
7618482494
8835851849
8725382828
8453026623
6542240972
7921345761
8665566201
1463755837
6668547698
7569965293
8192842046
6669752404
6271069458
6782937931
8636001982
6478670106
8329072965
8289988522
7984701409
7624170879
7311040333
8277701611
7674908853
8161719758
8085392057
6274852961
8595485250
6610064933
8589896853
6379181343
7185025654
8459905716
7987435229
8612242786
8602112941
6631745958
5643965216
5860365119
7201625110
8587656267
5998707126
5165221844
6156039332
6700413823
7874118612
7376673827
6737036356
8273900995
7529012812
6356903487
7077919506
6458408017
8630009183
8485865893
7088944382
5750406833
6664897322
7739654669
7353417770
7149281003
7456416623
8603571365
8539770330
7308807609
8175351820
8301815701
5370639720
8596446586
7762997996
8086264570
8650488719
8003482231
8520594044
8285839396
8925866258
8576717881
8532496335
8446485881
8400264641
6584648605
8163359381
6419247159
8920964139
7312081511
7121634010
7592389348
8502045098
8320755634
7112532404
7176747079
8142597032
5301391238
6680347096
8360567069
5552669078
6773238970
8591743630
6263181120
8033654385
7647059473
6241606691
8442313988
5255592314
8666854310
6261723886
8110182480
5913592016
8403052634
8250330361
7211052240
7214421111
8099319469
7736901886
6204125653
7069517426
5813392727
8526829497
6892155244
8278781090
8911913080
6590312945
6511300878
7439493295
8719728532
7139898678
6973508804
8520946535
8258818673
6217681788
6262105057
5940603655
7293262241
6513683080
8743584971
8009734289
7715749589
8426588717
7769748656
6663226803
5869894911
8959887765
8973056994
6190985210
7743993212
1275222839
8222734474
7688382616
6740428952
5565592154
6015599721
7621972978
6959378342
8868408093
6713477155
8670579894
8876753945
7807878460
8488799124
7644740718
8648388216
5326754809
8917602079
7584737392
6311580471
6665150193
7301085621
8760394649
8401532247
6230742116
7772608913
6364842630
6350675587
7936281859
8694355695
8149226542
7367099025
7013509889
8429844238
6448492134
937835701
7370845004
8102474372
7510611485
6920233388
8265122024
8703111240
6511018384
5963276133
8986760691
7889447766
8592426236
7731238843
8865682962
6744817734
1856765572
8140938500
8493555423
6859431791
8327333454
7505804322
6699643561
7478781759
8344252642
6296631593
7807195566
6454286154
8709768803
6489289676
8144266950
6317566064
8163908943
7199815943
6191465331
8512306531
937857205
8068468921
5568976416
6270461896
5480979198
8160496771
8146417352
7298949335
8194971244
8775145538
8523017932
8726334461
7195249006
6282743141
8560702042
8051907359
6719727245
7911203247
7717758569
6967748894
8266713499
6457650677
7422142907
7172039328
8313021586
6797454355
7392923501
6001242038
8315702045
8361562845
7090465734
8251150936
6870000032
8635015583
8556911864
7767273659
8298702233
6177366049
1636185311
5809654618
8221699494
8809950049
8177606860
6483392003
5692638209
8427124047
8696888663
1714465616
7937757398
5773934850
8184810312
7377040709
8218271877
8496044797
8314792725
6060977985
8520353675
8493437447
7403642142
950576362
6582149610
8888380429
5887678444
6798928013
7555022851
7447750148
5776692909
7333852170
6453075726
7042436115
1110021679
7502580496
6224528962
6207053758
7780929576
8467105417
8419210607
7100258478
8158541007
8589260881
6727409518
6572864343
6162721051
5208805573
5904713143
7893437402
7891994800
8454467376
6023720422
6994755400
7425694362
7420077301
8819404949
8020599233
5535855590
7826845774
7248402418
8468186692
8315843828
8183068969
8074309013
8571448607
6304874049
8214804692
6488497166
8227834794
7071197487
8369635106
7752662678
8939848106
8622515071
8237647204
7233903310
7818244518
8248913972
7777092374
2096756604
8458690918
8545388592
7354729816
8497197512
7609541117
6436598101
8726076669
8740215100
8697448653
1249566408
8662322150
5338128069
7791121931
8440633050
5280210654
6978565975
6013034848
6845519853
5820983354
5496266070
8752165321
8102138007
1942773399
6086145658
7292590945
6472932974
6041643914
8465728656
8644394263
1262298227
8029384173
7760216866
7925347524
6335037680
1425294315
6197483321
6741534253
6762203896
5580136547
5834487493
8684959142
5920280543
8234191627
8462122963
8090283549
8381508615
7778495984
6804495340
7540913205
8300856740
5083554951
8892036992
8105563396
8847240490
7453812834
6282108793
6323977989
8742345395
7238605494
8767777934
5102543315
8967448869
6023292609
5169055226
7148706214
7446790119
6506186504
6432774555
8070012836
8797321658
8336710398
1839931404
6705260375
7449795180
7420335989
6839554332
8717872085
7860129992
8958101549
1868277210
8860836207
8800375655
8847158844
6579826036
8414052101
7969088431
8511282014
6041959830
5523813155
8619095518
8640980604
8515267779
8164392836
8892034175
5614797576
7224773511
8545135159
7842526638
7469826174
7931216123
6147420484
7669606015
6265281268
7576636220
5237235330
8386692638
8412423521
6083165536
8531002631
7535358174
8406088702
1879850867
7527252997
7082537071
7884322867
8108971413
8844799752
6250933300
6198456103
8048138912
7153278672
8018533655
8407022914
6751619244
5734843404
6954442209
5536179458
6151013506
7634537972
7552867319
7235146317
6386238528
8978190718
8290809438
7543533102
6436894916
5092430349
8734696462
8411534732
1854760789
6508052497
6541854056
8739943836
8232035509
2135247529
8554764529
6625527167
7783438516
8269807142
6989046437
6941865381
6809589407
7625389228
8980273592
7368273178
7290171485
7657356971
7831368376
8608042525
7634448931
8093050439
8996625470
7483851536
8148857981
6213234378
8910648590
1435815017
7798276010
6026404542
6317592447
8804308887
7354479639
8914089949
6078702158
8631802479
6564102999
8384295853
6252957885
6938146121
1691670338
7315773255
8389427974
8869198253
6369203152
7303587834
8174984688
8446174560
6194569022
7887023252
6764756553
1925354232
7311757351
7680342512
8626061951
8240856736
694431097
1010409871
764146049
8509982020
7077911652
7501679036
5831000769
7183899169
6627819006
7082616725
7119403250
8254904774
7741542791
7907313417
6651880816
7293333493
6809298492
8093400737
5513427691
7965455746
6742306034
6079342202
8428823679
8031229185
6873619196
8895251468
8319576785
7639713616
8158138461
7827007686
8877110081
5708838471
8347501203
8608557260
7658411974
7437058324
8863556682
7557441129
6563188130
8019313073
7103831058
8407574240
7560470212
8233853681
8001595290
6975624196
6556335314
8791399098
7762025308
6781742272
8155650992
1269012970
8106497874
7792131203
8057387139
930058819
7627427905
8922933047
6850540385
6330965459
1980368499
6759880165
7486429132
1778482308
7206306848
7092582071
6445944462
1926858897
8237477833
8551474131
7592229076
7482931637
6697779932
7592658366
6677586092
8842326539
6201919515
8010652452
7840349707
8915534807
6393462846
7693429221
8420460846
6989033741
971768282
6840992461
7684583559
7624974631
7740089323
6537492209
7803362835
6523995257
8331947448
7135296568
7842714494
8544093548
8255748203
8248902297
6979059713
8102510677
5716207778
7999668776
6837957656
7538908568
8752918316
7969461011
6768920052
7056753783
8762717261
6530524642
8519327740
6676552397
8934817468
8329760647
8478547876
8766405295
8756006859
8794271770
7797966668
7217053510
7952828241
5565652079
8969800016
836224264
7182491661
7224613886
6913474570
8897298599
7375287256
7755188702
8181016671
8102009484
7635194011
6775847461
6455629769
8203207013
6299912478
8329153860
8357256746
8978229921
7618142680
7349020968
8714320970
8028255618
8984790322
8225212710
7404920329
8818445154
6696723803
8553220047
8550631034
6027297359
8203665908
8336006527
8231052523
7818196450
5470033273
8867513530
7468779020
8874197915
6571793372
8253678921
8632426057
8923504855
